1 1071
1 1572
1 1938
1 2371
1 2319
1 1410
1 1605
1 971
1 2218
1 1908
2 3078
2 2434
2 1345
2 2863
2 2317
2 1046
2 356
2 740
2 971
2 136
3 1134
3 1496
3 2652
3 205
3 1223
3 1788
3 3189
3 799
3 2423
3 1787
4 2939
4 3128
4 3101
4 2470
4 2376
4 2931
4 3043
4 2342
4 1135
4 2377
5 2716
5 2003
5 1829
5 1272
5 2629
5 3011
5 2314
5 2035
5 1978
5 1307
6 2826
6 2828
6 2230
6 356
6 2804
6 740
6 2873
6 2306
6 438
6 136
7 3043
7 2912
7 2376
7 2317
7 3141
7 3148
7 3128
7 1353
7 1951
7 1854
8 2951
8 2371
8 2625
8 1611
8 2499
8 2500
8 1695
8 1685
8 2776
8 1752
9 2776
9 2371
9 3068
9 1695
9 2372
9 2849
9 1685
9 2864
9 2454
9 3158
10 1262
10 2785
10 950
10 2685
10 1471
10 2895
10 1795
10 1601
10 2664
10 1468
11 2699
11 2246
11 1860
11 3080
11 2717
11 2527
11 1043
11 3148
11 2906
11 1923
12 3127
12 2246
12 1930
12 2319
12 1461
12 3196
12 1591
12 1680
12 2379
12 1462
13 2748
13 2897
13 1947
13 2856
13 1901
13 2559
13 1807
13 2530
13 2491
13 1795
14 3054
14 2337
14 2272
14 3011
14 2716
14 3087
14 2964
14 2835
14 2812
14 3085
15 1947
15 3125
15 3085
15 2900
15 2195
15 2944
15 2907
15 2897
15 2835
15 1719
16 2376
16 3141
16 409
16 2378
16 2452
16 2421
16 1226
16 972
16 243
16 1519
17 1134
17 2491
17 1223
17 2897
17 2079
17 1757
17 1658
17 1795
17 1154
17 2748
18 1613
18 3005
18 1223
18 2138
18 799
18 1665
18 1135
18 1852
18 2645
18 1134
19 950
19 1601
19 1613
19 2714
19 2664
19 3075
19 1468
19 2785
19 3156
19 1262
20 1961
20 2986
20 2695
20 2506
20 2442
20 2199
20 2769
20 2170
20 2059
20 2780
21 2787
21 1429
21 2703
21 2061
21 3184
21 2702
21 1135
21 1679
21 1496
21 764
22 2637
22 2564
22 2441
22 2384
22 2638
22 2751
22 2473
22 1915
22 2924
22 2827
23 2276
23 1941
23 2914
23 1951
23 1987
23 2216
23 711
23 3135
23 1778
23 2454
24 268
24 1696
24 2535
24 1410
24 3120
24 1216
24 1892
24 1233
24 3020
24 1194
25 2318
25 3048
25 1518
25 1653
25 2859
25 2319
25 2984
25 2862
25 2542
25 2741
26 3128
26 2626
26 2541
26 2320
26 2376
26 2618
26 1338
26 1108
26 2719
26 2256
27 2798
27 2669
27 2988
27 3011
27 2297
27 2582
27 2319
27 3000
27 1960
27 1752
28 3032
28 2890
28 2849
28 1685
28 2949
28 2776
28 2951
28 383
28 1611
28 2969
29 2927
29 3037
29 1539
29 1840
29 1538
29 1537
29 2462
29 610
29 377
29 513
30 1926
30 1651
30 1856
30 397
30 2501
30 202
30 3087
30 2396
30 1591
30 2786
31 3047
31 2125
31 1686
31 2829
31 1929
31 2370
31 533
31 1144
31 1388
31 2913
32 3139
32 2177
32 1145
32 1504
32 2155
32 1839
32 1847
32 2484
32 3018
32 1961
33 2043
33 1954
33 559
33 1501
33 2335
33 2805
33 3016
33 2554
33 1968
33 1662
34 1893
34 1667
34 2458
34 1524
34 1633
34 2291
34 1763
34 503
34 640
34 1567
35 1386
35 2165
35 1474
35 1397
35 3071
35 2323
35 393
35 2090
35 265
35 1524
36 1265
36 2110
36 1350
36 2698
36 2061
36 2112
36 1768
36 1012
36 2739
36 2030
37 2376
37 2265
37 2912
37 243
37 3105
37 2956
37 1719
37 3103
37 2470
37 3142
38 2265
38 3087
38 1768
38 3103
38 2651
38 2958
38 2939
38 2941
38 2002
38 2082
39 2651
39 1861
39 1614
39 2940
39 2178
39 2956
39 2265
39 3103
39 3105
39 2958
40 1485
40 1588
40 2958
40 1470
40 2406
40 2937
40 3103
40 2651
40 2254
40 1098
41 1951
41 3043
41 3082
41 3137
41 2849
41 2371
41 2535
41 3148
41 2914
41 3072
42 462
42 2402
42 2215
42 2494
42 204
42 3048
42 2318
42 2984
42 2370
42 2286
43 2924
43 2977
43 2569
43 462
43 2841
43 2310
43 3107
43 2402
43 2751
43 2828
44 2829
44 2523
44 2325
44 1002
44 931
44 1404
44 1686
44 2605
44 464
44 533
45 2816
45 3002
45 1976
45 2452
45 2882
45 2344
45 3137
45 1194
45 2114
45 2876
46 1457
46 2631
46 2990
46 1032
46 329
46 1699
46 2711
46 891
46 1652
46 1976
47 1032
47 1699
47 1457
47 1236
47 2990
47 2451
47 2372
47 2882
47 2288
47 2598
48 2314
48 2325
48 1066
48 2366
48 3130
48 1806
48 1809
48 1147
48 2060
48 3010
49 2795
49 3134
49 2390
49 2288
49 3012
49 1032
49 891
49 651
49 1457
49 2519
50 1811
50 2664
50 1613
50 891
50 1457
50 3075
50 3134
50 2288
50 634
50 651
51 1613
51 3075
51 1811
51 3156
51 2714
51 2664
51 1728
51 1924
51 2838
51 1825
52 2721
52 3070
52 1928
52 3048
52 1541
52 1366
52 1518
52 2749
52 1261
52 2859
53 514
53 569
53 139
53 2210
53 2769
53 1817
53 2986
53 2981
53 1186
53 2648
54 2958
54 2470
54 3031
54 2842
54 3133
54 2972
54 2651
54 2940
54 3104
54 2227
55 1739
55 2921
55 2650
55 1665
55 2998
55 1453
55 1896
55 1355
55 1898
55 3064
56 2327
56 2931
56 1665
56 1739
56 2323
56 1453
56 2998
56 1678
56 2051
56 1154
57 3077
57 3140
57 1106
57 196
57 1
57 1137
57 437
57 2705
57 2802
57 2922
58 1411
58 1344
58 1631
58 2634
58 2314
58 1398
58 1474
58 1171
58 1637
58 2904
59 1456
59 2631
59 1700
59 1665
59 2905
59 2484
59 2795
59 1112
59 1681
59 3087
60 2593
60 1518
60 2967
60 3025
60 3087
60 3142
60 2516
60 2738
60 1572
60 1552
61 2307
61 634
61 2711
61 2631
61 3134
61 1236
61 1935
61 1032
61 2451
61 2114
62 1961
62 2484
62 2326
62 950
62 2195
62 2932
62 1806
62 2931
62 2720
62 1424
63 950
63 1601
63 2973
63 1262
63 2685
63 3075
63 1468
63 1795
63 2785
63 3156
64 2651
64 1307
64 2051
64 1046
64 1588
64 1717
64 1549
64 2857
64 527
64 1853
